40 17
-26 35 30 -1 26 10 -44 -23 -35 8 49 49 -3 32 -30 -2 -45 
34 -20 42 -29 -31 16 -28 -31 -19 -36 -46 44 5 20 20 42 -48 
-31 18 12 27 45 -21 -15 44 -21 -15 -21 -49 -15 -16 36 15 28 
-43 -13 46 32 6 -23 46 11 24 -47 33 -6 -3 36 14 -35 -50 
43 12 -20 -21 -41 -39 -34 -12 -38 1 -26 0 19 -48 8 8 49 
-10 -36 28 38 -23 -46 -7 -39 -1 40 -1 15 7 -49 8 21 -19 
-11 30 44 -43 20 9 9 -4 -41 30 -1 -31 -12 -50 -39 -46 -20 
1 34 -15 44 45 34 -14 46 -49 -5 47 9 -33 31 49 -1 25 
8 -30 36 -33 16 46 -1 17 17 -11 -31 29 46 0 32 30 35 
-21 25 -29 -33 -27 -28 13 -30 31 30 3 -18 -21 31 41 -49 17 
10 -30 -35 12 -11 33 -49 9 -36 47 -41 -2 -21 -4 27 6 17 
45 29 39 8 2 -28 40 -45 -43 21 -12 0 -25 8 -40 47 23 
-26 -14 -42 28 45 24 -23 6 -27 7 -48 2 -37 19 -3 43 -40 
7 47 35 49 -48 42 -27 43 -8 -2 1 -46 -5 -26 31 -17 35 
9 -21 9 36 -13 -16 -7 -10 37 -41 11 36 -48 -26 46 1 -41 
45 -45 3 20 48 45 20 -1 1 -35 -24 -18 -1 -39 -7 -20 -28 
-20 17 7 -25 9 46 -16 23 32 38 47 -20 -11 8 -24 -5 -39 
-2 45 8 -31 -5 -41 36 21 44 -15 -16 -13 -33 6 17 -13 15 
-5 46 11 -19 19 46 -30 -32 -24 -39 26 -46 -42 37 3 -46 -5 
22 -1 5 8 22 -49 -4 8 -12 -35 16 8 2 -18 5 -1 -5 
36 20 -9 8 39 18 20 15 -26 28 3 27 -16 48 -49 -15 -45 
-38 -43 -44 -40 -33 47 -25 34 -43 28 18 12 29 -37 -2 -1 5 
-43 -12 25 -21 -46 1 9 -41 -21 44 -43 32 -21 15 44 39 -27 
-46 8 22 32 -8 29 10 -40 -9 -11 -26 40 -10 -19 -1 29 8 
28 -15 -41 39 -6 40 33 -47 23 15 18 -31 -44 -6 26 14 -34 
8 -43 46 20 19 -13 -41 -5 29 -1 -22 30 30 36 8 -35 -2 
-2 -39 40 33 -35 13 -2 -15 -15 -44 29 -39 21 -2 -29 28 -6 
41 -3 -17 2 -5 15 3 23 -5 -16 -38 6 -49 10 6 -37 0 
41 -22 16 42 -35 3 48 45 14 19 45 35 49 -11 -22 49 -26 
30 -6 -9 -17 -33 37 -31 -21 45 -29 -9 -47 36 -6 44 -36 -40 
36 31 13 35 26 29 -44 -27 -34 -44 12 -6 -45 -11 26 -49 30 
-41 -32 -31 31 -50 -36 -48 -9 -33 38 35 14 4 -3 0 -15 12 
37 14 -9 44 37 -41 2 -48 3 -41 43 -21 -40 23 41 -22 -5 
22 30 -39 -24 24 -21 16 -39 -5 -30 9 -3 -43 23 -15 -27 -35 
31 13 26 35 15 -20 44 -40 -39 -46 33 4 34 30 28 -33 42 
-46 41 23 -28 -48 -32 44 -37 15 -48 37 2 27 -48 35 -10 -20 
20 7 10 -34 17 -26 -30 -47 -20 7 33 -41 24 25 15 -33 -2 
38 -31 -32 32 -17 34 -14 -30 38 -36 24 24 -44 -46 46 14 -33 
-37 33 43 35 -12 -27 -8 -28 34 18 -1 -48 35 0 -8 7 18 
26 40 -46 -37 12 43 29 -14 -31 -13 -10 -35 3 -41 -22 -13 -48 
12



28 29
-42 -49 -36 27 1 18 -36 3 -40 21 23 37 -37 28 2 25 -27 33 -39 -8 22 -46 7 -24 -37 -12 -35 18 -46 
-8 48 -38 -6 -38 -9 -3 31 -42 -50 -7 29 23 -20 43 -47 -16 18 -24 19 -18 18 -8 -14 28 18 -49 18 33 
-29 22 27 -31 -14 -29 -18 28 -30 15 36 -30 -42 -33 44 41 12 -1 -25 33 26 45 -35 46 -13 -47 -24 7 6 
44 42 28 -32 19 47 5 -7 31 -17 13 -4 21 -14 -43 -10 32 48 -47 -19 -27 -12 -43 20 3 6 9 -42 32 
-34 14 -21 10 44 -3 32 42 -48 -25 23 37 -10 22 -40 26 29 1 -40 27 -44 -8 2 -6 -49 -27 -1 7 -16 
7 -10 -47 23 19 13 18 18 -5 -38 21 -28 -13 -40 -35 -41 -29 41 -10 22 4 -33 -20 46 -28 24 47 47 25 
5 -19 -18 -3 -16 7 18 0 27 -14 45 39 9 20 -23 20 35 38 41 -22 -21 13 32 48 43 28 -30 -31 -22 
-33 44 -15 -49 28 32 -15 37 0 35 15 -12 -17 -44 48 -47 -17 18 38 24 9 18 -47 24 1 -49 -31 31 24 
-12 -41 41 34 -6 42 -36 -24 30 -49 -22 -33 16 17 0 -25 -33 -45 8 35 -5 -18 46 -36 37 20 15 -9 -9 
-4 -35 -19 -42 -44 -35 2 1 -21 -19 33 32 -39 -50 -1 28 -47 24 -3 -42 34 -18 -44 19 -22 22 -42 0 39 
-1 41 37 14 -28 45 -27 39 -2 24 -32 -19 -41 -49 -8 -41 -48 23 -38 -22 -30 23 14 3 29 35 -17 -47 44 
-14 42 -7 -23 29 10 -48 25 33 41 25 -41 12 8 -32 -35 -50 -23 19 23 42 47 -4 -33 -37 1 -2 49 34 
1 -5 -30 -7 38 -50 -28 -2 -48 -1 33 -5 26 42 -43 -16 12 -28 37 -8 41 -38 -16 -10 8 1 -44 -41 49 
-45 44 -48 0 16 -5 40 -32 -31 41 22 -29 24 -32 -1 -31 27 34 -17 2 -27 25 45 -15 11 38 44 14 44 
-47 -35 1 -1 -33 -49 18 12 -7 -12 -16 -16 -39 5 11 31 -46 -18 8 -10 15 12 -35 43 8 1 4 -4 47 
21 -10 -50 36 41 -48 -46 -6 -28 -32 -11 10 2 -24 21 9 -11 2 -34 21 13 -42 38 -25 -26 31 33 -23 38 
31 -26 9 23 26 47 -34 28 -49 -38 -50 22 2 11 26 28 34 -14 -33 39 -46 -10 2 14 -22 27 38 12 -37 
17 -48 -4 41 -37 -30 18 -40 -14 48 -38 -1 49 34 -49 -38 -38 -19 46 -50 -50 35 -46 -10 39 19 -30 -31 -41 
-16 -18 27 -14 -20 -30 -1 0 38 10 37 37 -26 38 -12 10 39 -48 22 22 0 23 22 38 -21 14 27 0 -14 
46 -38 -27 30 -9 -39 -39 11 -37 -37 -48 -25 -50 39 -1 -10 29 11 31 31 -17 3 33 8 27 21 -10 -9 -49 
40 -20 -1 -48 3 32 45 14 -5 7 -21 8 9 4 -39 -50 5 1 29 -34 -17 -38 -48 -12 -3 -38 -34 -31 2 
-41 22 -7 -11 -29 47 -6 -47 43 11 -50 -48 40 9 11 -5 -28 11 -50 23 42 19 8 6 21 47 -47 33 -37 
24 -14 -28 48 -19 -36 -30 30 -40 25 -25 21 26 -23 -36 37 -10 9 -41 3 -39 -16 -5 30 43 3 -47 40 -41 
37 5 -15 25 -21 -16 -44 -7 4 -12 -44 31 14 27 7 41 -7 46 -18 4 -45 35 16 -10 33 48 -17 38 -48 
25 47 -9 -20 35 -34 -39 -31 24 5 -25 -38 -37 -44 -22 -8 -34 -30 36 14 -46 -10 20 -9 -44 12 -26 7 45 
-37 -39 -28 12 2 -46 -3 -30 -35 -32 44 -28 -7 8 -15 -48 37 28 20 9 14 -16 -35 -46 6 6 13 -32 -17 
22 15 48 33 -11 10 -15 -7 10 -43 9 -20 -49 31 -24 -39 19 30 0 -3 0 11 13 -14 26 -31 -5 -17 -16 
13 16 -44 31 14 39 -30 26 26 14 38 33 25 -31 -14 -42 47 -2 27 27 0 26 29 -38 -11 17 -10 9 -38 
17



44 29
41 2 -41 -43 -9 -21 34 -32 -5 -26 -49 -30 45 40 31 42 -12 8 19 -10 -15 -2 2 -24 -34 -5 -13 30 -32 
33 -42 12 -15 -33 19 -22 49 -45 -4 -6 -20 -50 -33 27 40 48 20 30 -42 41 22 45 42 27 -28 10 -28 -39 
-10 42 44 -1 4 31 -32 -26 -40 -33 31 -42 -36 13 10 33 -9 -48 -17 13 -16 -9 4 -43 39 -4 34 -39 -44 
-44 24 49 48 19 -2 -45 0 -32 -21 -38 38 12 -29 -48 -24 31 -13 17 -14 -28 -20 20 13 -14 27 -46 33 -37 
-35 -9 -31 40 -10 20 -39 -10 25 -37 9 6 28 -3 -32 49 -49 -6 -18 -12 13 18 10 -5 -11 25 32 18 -18 
-33 32 -3 8 3 39 1 25 2 41 -48 -32 0 8 46 47 -21 45 0 -25 29 38 -9 -50 -50 36 -11 -22 18 
-43 10 -13 -9 9 46 45 -49 -3 20 -45 -12 23 -27 -9 33 -31 40 14 16 -9 40 -4 31 -19 48 -16 19 -13 
-36 -12 46 -24 -23 40 -13 -27 35 -12 -28 -43 46 -37 -18 -31 4 -34 41 -6 30 7 -13 -28 5 -31 -45 3 3 
25 -8 -31 15 41 -5 42 31 32 -34 16 23 40 -25 19 -47 8 38 7 -24 29 4 -44 39 -7 31 -6 12 36 
0 17 11 -6 36 28 -15 33 21 -34 16 -11 -16 -11 -21 10 10 35 20 -2 -8 46 30 -2 4 -29 42 -15 -33 
-44 24 17 -24 -15 -38 14 16 -3 -2 -13 -34 16 -22 0 7 7 12 -33 -8 34 -33 -13 30 47 -13 -15 20 31 
-28 38 38 46 5 16 34 -31 -20 0 -31 28 37 -15 46 17 -13 3 -26 2 20 -31 -14 -10 -42 -33 39 47 -46 
10 29 -24 -2 -31 -27 -47 35 -43 25 -35 -41 44 -4 -2 31 -8 -35 20 46 41 -28 -32 12 -39 8 20 30 -2 
18 34 -42 -3 12 -42 -32 -13 13 -47 46 -12 20 -45 -18 -34 3 15 9 -30 -14 -43 -38 -40 27 24 -29 38 47 
-49 -14 15 -13 46 14 -50 -46 32 39 17 -13 36 8 -43 41 -8 -26 47 -42 -15 -33 46 44 -21 -44 -27 6 -22 
-39 3 31 49 20 -31 -3 -16 21 1 18 10 21 -45 -4 31 14 40 -27 -10 37 -19 25 6 -23 -29 -12 -16 -5 
44 -36 -42 49 45 -42 19 16 5 5 39 9 -27 0 32 30 -2 13 46 40 36 -13 -21 20 14 36 -1 36 26 
-15 33 20 -1 41 -29 47 1 40 -35 -43 -5 -45 -32 -30 -43 -50 2 -43 -35 -2 48 -49 -13 29 -27 -48 -33 23 
-10 43 -42 25 13 -40 16 34 9 -32 -24 24 27 -27 29 -3 -7 -12 -3 -3 -4 12 46 46 -35 35 25 -11 37 
43 14 29 -12 -26 4 4 -16 -29 40 -5 41 -33 -30 -30 -10 1 17 -14 40 16 33 38 30 -19 -14 45 -33 -39 
36 6 6 -48 -14 45 -23 40 -1 -37 13 -11 9 4 -42 29 -24 -1 32 43 35 -26 -39 18 -38 41 2 -2 -11 
19 -38 -25 -25 -30 30 11 17 -43 2 18 22 -35 10 -19 -28 18 12 -2 19 47 44 -44 -29 7 25 -16 -1 29 
-16 38 -2 -4 15 23 -31 -5 37 36 -46 -11 5 27 -44 17 10 30 -15 25 31 -45 22 -23 -39 43 34 -12 29 
-17 -33 -36 23 -33 -38 41 -7 -19 -14 -20 -32 43 -29 -25 20 -23 42 32 10 29 7 -9 -14 -21 18 -50 25 -46 
40 4 -12 10 18 13 27 31 4 -30 14 -7 -48 -16 -14 -27 9 8 -47 -47 -10 13 33 0 6 21 29 -26 21 
-44 -22 12 11 -32 -28 31 -16 49 -36 38 22 29 -19 24 -37 -31 48 -25 27 3 30 -32 -34 -35 18 22 37 49 
-2 8 8 -22 22 21 49 44 2 -17 -4 -31 23 20 48 7 -6 13 26 44 -10 4 -3 23 -26 -35 38 -6 -11 
25 45 -11 36 -45 18 -40 26 17 -45 -21 2 -47 -2 -25 23 48 32 19 -37 9 14 -44 15 13 29 -9 -19 17 
-13 20 45 34 -40 -17 40 -20 -7 16 47 -50 -3 -1 5 -3 24 30 -5 -41 0 -39 -30 16 -33 35 31 -2 28 
-38 -35 17 33 12 1 -5 45 43 25 41 10 -26 -7 9 -25 49 -43 49 29 -46 10 -21 -35 30 -3 34 -33 -21 
-18 45 -9 -50 12 26 12 16 23 -40 9 -50 3 21 -26 46 -19 -1 45 -12 -49 -23 -8 11 -42 -40 -8 6 44 
-39 35 29 -43 28 29 -29 -43 43 37 30 5 49 31 10 20 7 7 3 -43 -46 41 10 -19 36 -29 -10 46 -35 
-2 -8 -23 -17 23 36 13 -46 9 20 0 49 -47 -45 48 -14 16 -30 43 25 24 2 -19 -33 -38 13 5 36 5 
-47 3 -47 48 -18 38 21 -32 1 26 -20 24 28 -21 -21 33 29 15 -49 49 -40 -22 -25 -35 10 45 -23 25 0 
15 32 -44 21 35 -46 -47 -25 25 24 -22 -47 -46 -48 31 -17 -19 -33 14 -2 20 13 -39 1 -9 -24 -39 38 -45 
-12 -12 21 -30 -6 -8 7 -50 47 32 -22 21 -40 33 -23 15 15 -38 46 -16 26 47 6 42 -42 -43 -17 -16 20 
23 41 -42 -39 -36 30 -42 6 -13 10 -44 21 38 -21 -16 22 7 49 39 19 -3 25 48 -6 -19 40 -46 41 25 
-12 11 -2 -20 -28 -39 -6 4 21 3 -6 -18 -39 -35 22 -10 -1 -6 -1 -2 35 -31 46 10 19 42 -6 -39 47 
-15 -12 37 -2 -12 19 -28 -1 16 27 23 21 23 7 32 38 -21 -28 40 -24 22 40 -39 -7 -12 22 14 -19 -34 
25 30 -47 -37 17 -47 1 -13 -24 2 5 5 27 -24 -22 -16 -42 18 14 32 -40 40 -44 -49 -49 -1 -11 -25 15 
-28 43 -10 -48 46 -45 -28 2 -42 -39 28 11 16 35 -12 42 15 -25 2 35 39 -16 46 -19 -9 -1 34 -8 -10 
-40 -42 -35 5 -50 19 -46 -44 41 6 16 4 36 -23 -30 21 -32 14 38 -7 -34 -25 34 -47 23 17 -6 -28 1 
-12 13 -37 -4 28 19 49 49 23 -45 41 -21 -27 -5 -35 -47 -32 -12 -29 -16 28 -34 1 -47 2 4 27 -31 0 
1 -28 38 16 -14 -15 46 -45 -16 46 -20 41 37 -39 16 34 28 19 4 -34 -8 39 -4 8 42 -49 12 -4 -20 
15



47 33
6 34 -50 42 21 47 -1 7 43 29 -50 -18 40 17 18 18 38 -27 -14 -19 14 -16 39 6 -15 -46 4 -32 -13 0 -50 43 36 
-50 -13 -40 -1 36 -31 -8 -33 22 -24 9 41 45 -23 29 20 -35 -40 36 -49 2 -8 39 6 46 -43 -5 48 9 -11 -14 -39 26 
-4 11 -35 -32 5 -18 40 32 42 31 -21 21 -38 1 -11 -27 -13 -10 25 -19 -21 33 29 -14 -22 27 -3 -31 -37 9 46 -38 -30 
-39 -20 -23 45 22 11 37 -45 40 9 -33 43 48 -10 32 40 17 15 -30 -48 -6 -42 -19 -29 6 0 37 17 48 1 37 11 31 
-36 7 -45 26 46 -40 -32 5 29 14 -45 22 48 -2 -11 14 18 -8 -42 -22 -25 32 -14 -23 -29 -47 -24 22 -8 -11 -45 7 46 
-40 35 -5 22 5 2 1 -31 8 25 -32 -44 -35 -16 -24 -41 -8 -44 36 26 -7 -37 47 48 -11 19 -9 29 24 48 -23 -14 -15 
22 10 40 -25 -38 12 -15 37 -18 43 4 16 21 -35 10 27 -49 -13 22 -35 36 21 -44 6 -38 -13 32 12 -33 21 47 -9 -19 
-11 -32 45 3 3 -15 35 48 39 -47 19 7 14 49 8 3 21 -25 41 44 34 -3 -44 -29 32 -30 40 3 19 -18 -14 -41 0 
-18 -36 6 17 -50 4 -42 5 26 15 21 25 26 -26 48 3 -34 43 -13 -35 1 -39 -1 -26 3 4 43 35 41 4 38 -27 19 
-6 -8 -29 0 0 26 -24 18 -2 3 46 -26 2 -49 42 47 41 10 -50 -48 -41 -26 -43 14 -32 43 -43 -26 -17 32 43 27 -26 
-36 -23 -24 41 -44 -4 41 9 -8 -35 -39 -6 10 10 -15 -30 -37 39 -21 -13 -2 -5 -43 -9 2 34 -24 -16 27 -47 -40 42 33 
39 -15 39 -15 28 -2 -20 -5 -38 -24 -45 -26 -37 -25 -13 -48 -43 -23 -48 2 36 -6 7 20 -28 -7 -2 -24 4 42 11 -7 29 
0 28 -41 0 -42 4 -36 36 10 -11 49 -13 -22 3 -6 5 6 -1 -8 2 -44 14 24 -1 14 -50 5 -42 -37 48 37 -35 -21 
-2 16 39 -47 -18 26 -35 21 25 2 -50 -21 -1 -43 35 48 -49 -13 6 16 -39 -45 32 14 11 41 -21 -39 28 -5 -10 -23 -39 
32 32 45 8 47 17 35 -49 -31 -36 -48 -24 1 2 30 38 -42 48 2 16 30 18 -23 21 47 40 -48 -8 33 -21 -45 15 13 
-49 -27 -38 -30 -42 15 -11 25 18 -33 -24 22 47 17 31 -3 -31 -3 -22 -11 -24 49 -14 18 -49 29 1 32 -14 -34 -5 -13 41 
7 7 -50 25 -2 -23 -7 -32 3 -35 17 22 -2 -35 -7 -3 -7 32 -25 -8 -31 44 46 0 -5 28 -12 12 -26 26 -45 -17 35 
7 -42 36 34 -47 -46 40 21 21 12 21 -12 8 -31 31 -10 -6 26 -39 40 22 -37 -14 0 2 0 -24 -22 5 -38 15 -37 22 
1 -1 -22 -43 -11 49 -19 4 20 19 -38 -9 -47 -46 -12 29 -34 -22 1 -21 14 3 31 16 30 11 24 -6 29 -11 -34 32 38 
-6 40 30 45 23 -16 -32 -8 48 9 -5 -48 47 26 20 -24 -23 2 -8 31 35 11 -37 49 -15 7 28 24 23 10 -36 20 -48 
44 15 -23 30 33 20 -20 45 17 35 42 46 5 20 -27 9 -37 6 -5 24 -29 -6 11 28 24 37 -46 -16 -49 24 39 -2 41 
-34 30 -23 -12 -39 -28 8 -2 -36 4 -47 35 -21 13 0 36 10 -26 -43 -46 -13 -12 28 -26 -8 14 27 18 -45 -25 -39 24 8 
-12 -38 19 10 -28 -33 -23 26 22 -38 8 37 -36 -6 49 40 -47 -47 -23 43 -17 1 37 0 -22 -43 -43 -44 -31 31 14 -41 -4 
35 20 18 4 -1 47 28 -37 5 16 -23 1 15 -33 -44 -29 -6 -50 -44 -3 -11 -42 -23 -3 -34 -17 16 47 -1 25 -7 -16 47 
14 -10 -4 11 -31 9 18 35 36 -31 -48 5 27 25 49 -21 32 -4 19 40 24 -34 -44 9 -16 6 -41 11 1 45 9 -35 -14 
7 -22 5 19 46 42 -43 17 -4 13 47 -28 12 -24 -46 11 45 -4 37 13 3 -4 47 -41 -43 9 10 -47 20 -22 41 29 6 
48 -2 -45 -8 -42 -26 38 21 -29 -40 35 -2 16 -4 45 -37 -17 9 16 -18 -42 -23 -11 -31 -11 44 39 -31 35 -29 -22 -15 -29 
-17 27 -21 -41 16 2 33 -22 -12 -19 45 -14 28 -42 20 -13 -24 4 -4 -45 43 15 46 -10 -43 -34 27 30 -6 -37 3 -21 -8 
33 40 10 37 23 39 -25 6 -14 12 -15 46 34 -26 -28 -12 20 29 33 38 25 -27 -3 -7 3 -23 -11 16 30 18 10 -35 -39 
-29 -47 34 12 30 -9 48 -8 26 44 28 -50 18 -34 -27 49 2 13 24 -23 -40 20 30 39 -41 48 -29 -20 9 39 -9 30 -6 
27 -8 -26 -32 42 17 -4 -12 47 49 -44 -36 24 -45 -32 -13 -19 -5 49 3 -24 -10 13 -26 -37 -5 33 -48 -12 -35 -4 -35 -41 
-27 -16 -49 40 30 -11 37 -19 47 3 -45 4 21 -8 -12 -33 43 41 45 -17 -44 -31 -3 1 5 -1 39 20 -2 -45 30 21 41 
-17 -37 21 23 2 5 -28 8 10 27 31 -47 -35 48 46 8 -5 32 15 15 -21 -34 22 -20 8 44 -20 13 24 -49 4 10 16 
27 35 -31 -18 -43 -21 -5 -14 -40 -2 -47 11 46 12 -44 -20 -23 -27 9 45 45 -8 3 40 22 18 -34 -24 -28 -22 42 2 -37 
13 -14 23 42 31 -41 -47 31 15 14 -20 -23 -28 10 -44 -4 -30 -49 43 -36 -43 33 36 25 2 -38 0 30 -45 4 -4 18 40 
-31 -37 -26 30 -34 -45 -5 -18 -15 -26 4 -2 -20 2 -30 34 -4 -16 -7 31 -30 -32 35 -17 -30 -32 40 -24 14 -40 -33 -15 -27 
43 17 41 48 15 25 36 39 32 -16 22 -16 4 6 -18 38 49 -36 10 19 49 -5 -8 19 -15 18 35 48 -13 -30 -29 -20 -10 
15 -21 -45 -10 17 44 24 3 16 -41 -43 24 -9 -3 -25 -43 9 45 9 -45 39 -22 -10 7 -36 -12 45 36 -38 -25 -24 -21 -44 
-19 -29 -25 28 46 28 46 -45 -13 21 48 -14 -2 -44 46 -7 -33 -49 -18 -5 43 -8 -39 34 -13 0 -2 -36 26 27 23 10 48 
0 40 44 -21 36 1 -32 -41 -48 5 8 10 1 3 27 -46 -12 24 47 30 -12 31 19 38 -21 -15 -34 8 10 -22 -41 -39 20 
5 -10 7 -43 -40 -32 11 15 -22 -29 -34 -16 0 -30 22 26 20 -46 -36 1 -25 4 -17 10 21 -7 23 1 2 34 -28 -42 26 
-19 17 36 -1 -22 2 -20 -49 -30 14 1 43 38 -23 -35 -6 44 -32 19 -2 1 31 -31 -3 4 21 49 40 43 -43 16 -26 -24 
-45 -25 4 -41 -43 -43 31 21 8 -24 -39 -12 -9 5 -18 10 26 30 13 -40 2 -40 14 25 -40 -43 -30 19 23 -6 -2 -20 -29 
-48 -11 -21 -40 23 2 -30 49 -34 -40 -9 -27 -8 -49 -50 25 -34 -40 -23 -23 -24 4 39 -17 24 -40 9 -32 8 39 41 -37 31 
22 25 4 27 45 -45 43 -44 -4 -34 -50 49 18 25 -34 28 4 45 7 -42 34 40 32 44 -49 2 3 -7 46 16 26 18 -9 
32 -5 38 37 40 -4 36 -43 -3 35 25 24 3 -44 31 -2 -35 39 -18 -45 -26 29 9 -22 34 -48 -26 -48 28 -5 45 10 40 
-15 49 31 32 35 -10 31 -27 17 5 26 23 -14 27 38 28 11 -4 4 -10 -45 32 26 9 -43 28 39 2 -25 -1 44 11 -2 
22



44 37
17 -26 -41 -15 -19 35 10 -30 12 -49 0 -26 -3 -46 -34 -46 36 43 -35 -5 -27 -46 -1 -1 -45 46 -40 3 -27 -45 -11 -7 31 -50 28 -38 36 
40 34 -50 41 -16 26 40 -12 43 -4 27 -12 11 24 11 -33 -26 12 -28 22 22 -22 45 27 -31 -12 8 -30 18 -27 8 -39 -43 8 -48 -8 -15 
-5 -18 30 41 -41 -32 -45 -14 -19 24 10 44 47 34 -32 -25 29 46 46 20 -44 -34 40 31 24 -49 -9 35 6 -15 22 -49 17 2 -6 -21 -28 
-49 15 -45 26 27 49 23 11 -32 0 42 16 -4 -36 -26 -35 -45 8 -9 8 49 28 -36 -16 0 17 -49 4 -38 32 -22 -37 -3 -16 39 26 35 
-36 -13 5 -34 32 23 -35 46 0 -20 3 -42 -27 -38 -43 -48 28 -9 -46 -4 44 9 8 27 -11 -27 26 -25 15 3 -39 -19 -8 -32 -2 -26 42 
13 23 -8 -5 -24 -48 -30 40 -41 -28 19 0 -23 -35 46 -12 -25 23 -21 -50 0 5 15 5 -32 -1 -1 -14 47 24 30 -38 49 24 -41 27 26 
-21 18 35 2 -13 37 -19 -46 34 -29 -21 -41 0 -21 -39 7 -3 16 25 46 -34 -38 -5 -8 42 -41 -9 17 -32 20 -7 -3 -12 31 1 25 18 
-16 29 -46 -43 10 -36 8 -8 -25 17 39 -6 -7 -13 10 -43 -16 4 1 -7 -3 -32 11 -33 -36 10 6 -3 14 33 17 48 -35 22 -44 25 -12 
-34 -33 -35 33 8 9 28 45 21 35 -21 -25 -13 -26 22 -43 -13 -8 23 48 48 -30 12 31 -10 -38 -2 -38 20 -26 -48 -12 43 -33 24 2 27 
2 49 -2 40 -21 24 -23 -45 48 -16 -7 -10 10 -9 40 -18 5 -26 22 -31 22 -14 -8 -2 -12 30 -8 6 4 44 35 9 43 35 -1 24 9 
-22 30 -40 -36 -27 -48 24 -34 43 -43 -27 -33 -19 -8 -9 18 34 40 8 -33 -18 16 -27 28 1 -16 21 -13 33 48 -2 -39 -20 -40 -24 3 -37 
2 -29 -44 9 -6 25 -7 -12 18 -39 25 8 19 42 -8 38 17 -30 -11 -48 -6 -22 -13 -8 -21 -1 22 -11 -23 27 2 -19 48 -40 -7 44 -13 
36 -18 -44 47 -43 14 -32 1 -43 -44 -31 -23 48 -29 -27 -24 8 15 5 9 39 -3 -12 -32 49 20 18 -40 -37 12 49 49 -3 -45 -2 4 20 
-32 8 -21 27 27 -42 25 0 -18 3 -42 47 11 -30 -11 -42 8 -41 9 30 28 -29 43 42 -29 -6 -11 -24 -6 -4 -2 13 -46 27 42 -17 36 
-31 33 -32 22 -7 17 35 13 8 -5 -28 18 7 4 -4 28 -2 40 1 -6 -20 28 39 -22 28 -46 34 6 -2 -33 44 17 2 -38 -11 45 -19 
27 9 40 24 -17 8 -19 37 6 -40 37 -4 11 34 -22 41 -25 -42 20 31 42 28 -21 11 22 46 -37 -14 37 -41 17 14 -30 7 -11 -45 17 
-28 42 25 -18 -18 -28 -4 -34 -48 -13 -9 -39 9 24 5 -13 -47 -33 -41 49 -20 -5 -12 41 15 -47 -39 -28 44 -34 -8 -34 11 19 -49 -5 -7 
-3 -37 -4 -14 -44 -41 46 30 14 -17 33 31 45 -16 14 -10 22 5 -45 -23 -31 30 -29 -15 24 40 -2 -7 -7 -5 37 40 8 35 28 14 44 
24 -6 8 10 -23 -10 -43 11 -46 49 -16 -39 -45 11 -20 -13 -15 -32 13 27 -32 8 -30 14 -5 12 -28 -20 42 37 26 -31 -19 -15 29 -39 -23 
-12 -26 33 -13 -40 44 44 -26 -25 -19 9 -7 -4 38 -37 -45 10 27 -48 -28 -50 35 -36 -11 11 35 20 46 14 -17 25 4 8 8 42 -30 3 
36 -6 -20 20 5 -25 -34 -7 -12 -29 5 -34 26 27 18 11 -6 -43 -28 -21 -21 21 -4 13 48 -50 23 7 -6 43 12 -19 40 42 -49 -5 19 
-33 -9 -43 41 46 25 17 -24 -7 30 -28 0 4 -47 30 27 -49 45 26 4 18 -17 48 -37 -3 -21 5 41 -20 3 10 -50 44 -31 -7 -8 -3 
12 -30 40 -8 -8 43 46 48 23 -24 49 -30 -48 3 -10 37 -46 -45 -16 35 11 27 -34 -36 39 18 10 -42 -39 -48 5 23 -27 48 17 -33 41 
13 -35 -34 -9 17 38 -7 22 -22 -20 26 -17 -34 12 44 -5 -20 10 -16 48 -30 45 11 -27 -48 -16 48 -50 -49 17 -7 -34 33 -39 8 0 49 
3 -28 29 -14 1 -37 2 15 9 48 45 -30 -18 -5 -10 -23 -44 -35 -20 -10 15 32 43 -17 28 11 18 39 -31 20 -9 23 -6 -30 -41 45 35 
-37 10 -5 13 5 -33 -2 2 -41 -23 8 27 -41 48 -8 42 -7 -23 -28 -45 -3 -39 26 -33 -46 -49 12 -25 12 -41 -40 26 20 -43 41 27 -26 
-11 -20 -16 17 38 -39 -22 -11 -45 22 -16 35 44 -11 -18 8 -34 0 12 -33 -38 37 30 -29 0 -42 -7 7 49 23 -16 41 5 18 -40 -7 -19 
-12 -16 -14 -39 19 23 7 10 -44 -35 26 6 28 -4 -30 -33 28 43 -31 36 39 -21 -13 12 13 -22 -33 33 -12 -38 -36 -21 49 -48 42 -30 26 
-1 30 32 15 -41 40 45 5 -40 14 -17 5 34 21 -6 -37 10 8 26 -9 25 9 -19 -10 -25 10 -11 -23 2 9 5 4 -11 39 -31 -2 29 
16 5 -9 -20 -10 -1 -36 13 43 29 -26 2 -43 15 29 16 46 -31 -7 -41 -40 -27 11 19 28 -35 11 -30 36 11 1 2 19 -5 33 -41 44 
-1 23 -11 -21 -1 -7 -14 -36 -27 5 12 44 0 21 7 23 35 28 -46 2 -11 -26 -11 3 -23 -7 24 22 28 -15 -32 30 10 8 -41 -41 -49 
47 25 26 -46 -12 -27 5 11 30 30 48 8 34 1 0 10 -8 5 38 -13 -21 -38 -34 14 -19 46 27 -9 7 36 -8 -44 12 21 -39 2 -4 
-32 15 28 48 14 38 -15 17 -12 45 11 -5 -15 48 -24 -50 16 -7 -19 -36 -30 22 21 -44 16 28 -30 39 -9 -26 -15 9 -8 15 7 8 4 
42 -25 -6 -10 36 40 -23 -14 18 -23 -47 -39 8 -33 -19 32 -9 40 -49 21 12 40 -38 -11 28 -27 31 -7 -18 -11 47 27 14 -8 -33 -48 34 
-6 -12 2 -26 43 -34 -16 13 49 -33 -46 39 -32 25 -46 10 -11 -7 -12 12 -26 32 44 13 -19 21 29 -25 -10 -17 11 -13 -27 16 11 -33 32 
45 30 31 14 34 -27 32 -39 -23 -7 0 20 -17 14 -4 17 -40 -41 49 -16 -10 26 24 23 -12 -39 46 6 -26 -37 -12 -30 -5 21 34 31 44 
-31 42 23 12 44 -7 -3 -40 39 -35 -29 0 -36 5 -8 -8 31 -35 -18 43 14 38 -33 -21 28 39 25 0 24 6 46 -5 -49 20 -43 -3 15 
4 -40 -43 -29 33 7 -15 40 -50 -20 21 17 12 -34 -19 1 36 11 -21 25 38 -19 -49 46 -22 -4 -1 48 -45 47 13 -38 9 20 -17 -8 30 
-29 -18 -18 1 -47 49 15 22 33 18 8 -6 0 35 34 31 37 30 -41 35 -20 -43 -7 29 -27 5 -12 -5 -10 30 -25 11 14 7 14 -31 -41 
32 41 42 0 -49 38 -50 37 22 32 -24 2 -7 13 -16 -47 -44 -37 -24 -37 1 21 4 33 -1 17 49 8 -18 -31 17 -36 12 -39 -34 14 49 
-33 1 -27 1 -21 -22 44 42 12 47 49 26 -27 -38 29 -3 16 -35 -2 36 -36 -44 20 35 -24 -14 -2 -13 2 -38 39 19 -35 -38 -30 -6 42 
17 -14 5 14 37 33 -10 -50 12 -11 -32 -21 37 6 -6 43 -24 31 21 12 -21 -41 -35 -9 0 -14 6 -36 -41 2 -43 26 -9 12 42 -22 47 
-18 30 -39 21 49 -9 -40 5 -13 -46 -16 -32 25 46 -2 -14 13 -9 36 2 0 -49 -37 -48 10 -9 -7 -28 -17 -26 -31 -32 -46 32 -9 5 -27 
2 -39 10 -42 47 -19 -15 43 29 22 -41 22 -40 -37 -28 13 -24 27 -27 17 22 47 2 46 -34 20 -49 49 -38 6 24 -34 -31 37 -26 -34 -32 
32



13 50
33 -27 -29 44 -14 46 7 12 23 -17 31 47 -20 -17 44 49 6 -3 0 -30 5 -26 -14 -23 -39 10 45 31 21 -41 -20 5 -18 2 -49 -30 -50 -40 32 -25 -7 -35 -28 24 -49 18 23 7 17 -27 
27 -27 49 -37 0 -39 -25 47 42 46 -43 25 -47 -11 29 -46 10 29 -35 44 -46 8 -40 28 34 -39 49 7 -30 16 -18 47 39 -18 12 41 45 37 39 -11 -15 46 -36 -11 37 -5 45 49 -26 -40 
44 30 -29 6 -39 7 -31 -40 -35 -11 26 49 -14 -32 33 0 11 28 -13 -48 20 -26 0 34 -35 -12 -20 -39 39 -44 23 33 -11 -4 41 0 -46 -40 10 21 -1 38 20 -13 8 4 37 22 34 26 
24 4 -49 27 41 18 17 -29 29 6 29 -45 42 -32 1 33 18 5 44 30 -24 -7 -29 -1 -17 29 -47 -30 -47 37 -1 28 44 -48 -43 35 20 24 -44 -48 -20 -13 -43 -28 6 8 -44 26 -36 2 
7 42 -3 -20 -9 30 11 46 3 15 -14 -48 -7 -20 6 0 -35 -24 26 23 -22 -44 -40 37 31 16 -4 37 45 -38 41 -46 -46 -12 -16 48 -31 45 44 -26 10 -20 28 5 10 -16 7 25 -38 -17 
-2 43 -10 9 30 -29 27 -24 10 22 40 1 26 45 -9 -40 43 -38 -44 37 -14 -32 -32 -36 24 -20 -50 -19 -44 -37 15 -44 -44 7 15 36 -20 45 15 -8 17 5 -5 46 -48 36 8 45 49 14 
-15 37 -15 -45 4 -41 -15 4 42 43 17 -41 -50 23 -32 15 -38 -2 10 27 -8 30 34 -11 26 37 28 -16 -16 -21 1 19 -34 -12 -24 20 49 12 -25 41 5 -6 3 -43 -32 21 23 32 22 35 
-39 -36 -33 45 4 -5 -16 -18 -18 19 -37 -15 40 -21 23 -33 2 22 -19 27 -35 -12 -29 18 -4 41 -10 21 23 -38 6 -14 28 -24 -18 34 21 16 18 5 37 31 40 28 13 13 -3 -35 37 28 
42 -47 -34 15 -27 12 -41 13 -17 -16 -23 -8 21 -44 -30 -47 -8 41 -29 -39 49 11 -6 39 41 -43 -45 -12 -28 -6 -34 16 -3 34 -18 -27 49 43 36 34 -23 16 28 48 -26 48 -49 16 -8 25 
-21 -9 38 24 -20 29 31 37 -33 6 -18 35 -28 -19 19 -44 4 -30 49 -9 -45 -23 -43 33 -25 -19 -16 29 -1 26 -44 29 -33 44 3 49 23 36 37 40 -8 -31 -23 15 0 -2 21 -45 19 -27 
48 -24 0 7 -41 -23 38 45 -44 39 21 -38 18 38 8 23 38 -19 10 -23 23 4 -4 -50 21 -2 -1 45 3 20 -32 1 46 18 -42 7 -3 -2 3 4 -12 -26 -32 8 15 27 -18 -45 10 -6 
-18 -16 48 -20 36 -28 28 37 -33 -18 7 -15 -15 3 5 -6 -39 -48 -6 14 -42 -16 -10 -23 43 -45 6 27 12 -34 -29 44 -48 21 -26 -9 43 5 -22 -40 37 36 47 -28 41 2 -32 -48 5 -35 
-32 13 -1 -39 -8 -8 18 0 21 -19 -31 42 27 -29 -34 4 -36 -41 -41 -7 22 -2 31 19 -28 -26 -28 43 29 -21 -42 47 -6 7 10 -11 2 -21 39 25 -38 -42 18 -9 32 34 -3 46 -5 6 
10



18 7
-26 -11 29 -1 -37 22 -22 
-8 -18 27 -12 -9 40 27 
-5 -31 -31 -29 33 -23 -9 
26 -41 -25 -26 8 -28 -18 
-1 42 39 -24 -19 -30 25 
-6 -6 5 -12 26 -18 26 
19 -28 -44 -35 43 27 38 
-22 -46 -21 -45 16 -44 31 
-26 -22 -37 -25 -30 4 -47 
-47 -24 28 -3 20 -17 35 
48 -32 -36 -30 42 22 -15 
-12 -1 -27 16 -45 -46 -27 
21 -40 6 -3 -12 -28 -25 
-39 26 -22 -36 5 -43 -36 
-25 42 49 26 12 15 46 
-43 -13 33 -5 -12 8 13 
-6 12 -11 -35 22 45 -35 
12 -33 -10 -25 -4 18 -10 
6



28 5
-24 22 -45 4 36 
21 0 43 10 35 
-12 49 -7 4 -7 
-45 43 -40 -21 38 
-25 -6 -44 -33 19 
2 36 11 -45 15 
17 -19 -13 23 -12 
26 46 -10 19 -42 
-24 10 -43 -29 -36 
-48 -23 9 -37 -42 
-3 40 2 -45 -42 
24 -41 -4 -15 -36 
-39 -47 48 -49 -22 
38 27 26 -22 48 
34 4 8 -6 26 
-26 -4 5 33 -39 
-35 33 4 -30 -10 
12 44 0 10 31 
-34 21 34 16 22 
14 4 -49 42 33 
-50 27 39 -40 23 
-33 -15 -31 -26 20 
33 -10 -45 -13 10 
-4 1 -44 -2 -39 
37 14 -16 -26 -19 
9 -10 -13 10 -17 
-30 -38 -40 12 -27 
-15 29 -40 4 -46 
0



