
44 37
17 -26 -41 -15 -19 35 10 -30 12 -49 0 -26 -3 -46 -34 -46 36 43 -35 -5 -27 -46 -1 -1 -45 46 -40 3 -27 -45 -11 -7 31 -50 28 -38 36 
40 34 -50 41 -16 26 40 -12 43 -4 27 -12 11 24 11 -33 -26 12 -28 22 22 -22 45 27 -31 -12 8 -30 18 -27 8 -39 -43 8 -48 -8 -15 
-5 -18 30 41 -41 -32 -45 -14 -19 24 10 44 47 34 -32 -25 29 46 46 20 -44 -34 40 31 24 -49 -9 35 6 -15 22 -49 17 2 -6 -21 -28 
-49 15 -45 26 27 49 23 11 -32 0 42 16 -4 -36 -26 -35 -45 8 -9 8 49 28 -36 -16 0 17 -49 4 -38 32 -22 -37 -3 -16 39 26 35 
-36 -13 5 -34 32 23 -35 46 0 -20 3 -42 -27 -38 -43 -48 28 -9 -46 -4 44 9 8 27 -11 -27 26 -25 15 3 -39 -19 -8 -32 -2 -26 42 
13 23 -8 -5 -24 -48 -30 40 -41 -28 19 0 -23 -35 46 -12 -25 23 -21 -50 0 5 15 5 -32 -1 -1 -14 47 24 30 -38 49 24 -41 27 26 
-21 18 35 2 -13 37 -19 -46 34 -29 -21 -41 0 -21 -39 7 -3 16 25 46 -34 -38 -5 -8 42 -41 -9 17 -32 20 -7 -3 -12 31 1 25 18 
-16 29 -46 -43 10 -36 8 -8 -25 17 39 -6 -7 -13 10 -43 -16 4 1 -7 -3 -32 11 -33 -36 10 6 -3 14 33 17 48 -35 22 -44 25 -12 
-34 -33 -35 33 8 9 28 45 21 35 -21 -25 -13 -26 22 -43 -13 -8 23 48 48 -30 12 31 -10 -38 -2 -38 20 -26 -48 -12 43 -33 24 2 27 
2 49 -2 40 -21 24 -23 -45 48 -16 -7 -10 10 -9 40 -18 5 -26 22 -31 22 -14 -8 -2 -12 30 -8 6 4 44 35 9 43 35 -1 24 9 
-22 30 -40 -36 -27 -48 24 -34 43 -43 -27 -33 -19 -8 -9 18 34 40 8 -33 -18 16 -27 28 1 -16 21 -13 33 48 -2 -39 -20 -40 -24 3 -37 
2 -29 -44 9 -6 25 -7 -12 18 -39 25 8 19 42 -8 38 17 -30 -11 -48 -6 -22 -13 -8 -21 -1 22 -11 -23 27 2 -19 48 -40 -7 44 -13 
36 -18 -44 47 -43 14 -32 1 -43 -44 -31 -23 48 -29 -27 -24 8 15 5 9 39 -3 -12 -32 49 20 18 -40 -37 12 49 49 -3 -45 -2 4 20 
-32 8 -21 27 27 -42 25 0 -18 3 -42 47 11 -30 -11 -42 8 -41 9 30 28 -29 43 42 -29 -6 -11 -24 -6 -4 -2 13 -46 27 42 -17 36 
-31 33 -32 22 -7 17 35 13 8 -5 -28 18 7 4 -4 28 -2 40 1 -6 -20 28 39 -22 28 -46 34 6 -2 -33 44 17 2 -38 -11 45 -19 
27 9 40 24 -17 8 -19 37 6 -40 37 -4 11 34 -22 41 -25 -42 20 31 42 28 -21 11 22 46 -37 -14 37 -41 17 14 -30 7 -11 -45 17 
-28 42 25 -18 -18 -28 -4 -34 -48 -13 -9 -39 9 24 5 -13 -47 -33 -41 49 -20 -5 -12 41 15 -47 -39 -28 44 -34 -8 -34 11 19 -49 -5 -7 
-3 -37 -4 -14 -44 -41 46 30 14 -17 33 31 45 -16 14 -10 22 5 -45 -23 -31 30 -29 -15 24 40 -2 -7 -7 -5 37 40 8 35 28 14 44 
24 -6 8 10 -23 -10 -43 11 -46 49 -16 -39 -45 11 -20 -13 -15 -32 13 27 -32 8 -30 14 -5 12 -28 -20 42 37 26 -31 -19 -15 29 -39 -23 
-12 -26 33 -13 -40 44 44 -26 -25 -19 9 -7 -4 38 -37 -45 10 27 -48 -28 -50 35 -36 -11 11 35 20 46 14 -17 25 4 8 8 42 -30 3 
36 -6 -20 20 5 -25 -34 -7 -12 -29 5 -34 26 27 18 11 -6 -43 -28 -21 -21 21 -4 13 48 -50 23 7 -6 43 12 -19 40 42 -49 -5 19 
-33 -9 -43 41 46 25 17 -24 -7 30 -28 0 4 -47 30 27 -49 45 26 4 18 -17 48 -37 -3 -21 5 41 -20 3 10 -50 44 -31 -7 -8 -3 
12 -30 40 -8 -8 43 46 48 23 -24 49 -30 -48 3 -10 37 -46 -45 -16 35 11 27 -34 -36 39 18 10 -42 -39 -48 5 23 -27 48 17 -33 41 
13 -35 -34 -9 17 38 -7 22 -22 -20 26 -17 -34 12 44 -5 -20 10 -16 48 -30 45 11 -27 -48 -16 48 -50 -49 17 -7 -34 33 -39 8 0 49 
3 -28 29 -14 1 -37 2 15 9 48 45 -30 -18 -5 -10 -23 -44 -35 -20 -10 15 32 43 -17 28 11 18 39 -31 20 -9 23 -6 -30 -41 45 35 
-37 10 -5 13 5 -33 -2 2 -41 -23 8 27 -41 48 -8 42 -7 -23 -28 -45 -3 -39 26 -33 -46 -49 12 -25 12 -41 -40 26 20 -43 41 27 -26 
-11 -20 -16 17 38 -39 -22 -11 -45 22 -16 35 44 -11 -18 8 -34 0 12 -33 -38 37 30 -29 0 -42 -7 7 49 23 -16 41 5 18 -40 -7 -19 
-12 -16 -14 -39 19 23 7 10 -44 -35 26 6 28 -4 -30 -33 28 43 -31 36 39 -21 -13 12 13 -22 -33 33 -12 -38 -36 -21 49 -48 42 -30 26 
-1 30 32 15 -41 40 45 5 -40 14 -17 5 34 21 -6 -37 10 8 26 -9 25 9 -19 -10 -25 10 -11 -23 2 9 5 4 -11 39 -31 -2 29 
16 5 -9 -20 -10 -1 -36 13 43 29 -26 2 -43 15 29 16 46 -31 -7 -41 -40 -27 11 19 28 -35 11 -30 36 11 1 2 19 -5 33 -41 44 
-1 23 -11 -21 -1 -7 -14 -36 -27 5 12 44 0 21 7 23 35 28 -46 2 -11 -26 -11 3 -23 -7 24 22 28 -15 -32 30 10 8 -41 -41 -49 
47 25 26 -46 -12 -27 5 11 30 30 48 8 34 1 0 10 -8 5 38 -13 -21 -38 -34 14 -19 46 27 -9 7 36 -8 -44 12 21 -39 2 -4 
-32 15 28 48 14 38 -15 17 -12 45 11 -5 -15 48 -24 -50 16 -7 -19 -36 -30 22 21 -44 16 28 -30 39 -9 -26 -15 9 -8 15 7 8 4 
42 -25 -6 -10 36 40 -23 -14 18 -23 -47 -39 8 -33 -19 32 -9 40 -49 21 12 40 -38 -11 28 -27 31 -7 -18 -11 47 27 14 -8 -33 -48 34 
-6 -12 2 -26 43 -34 -16 13 49 -33 -46 39 -32 25 -46 10 -11 -7 -12 12 -26 32 44 13 -19 21 29 -25 -10 -17 11 -13 -27 16 11 -33 32 
45 30 31 14 34 -27 32 -39 -23 -7 0 20 -17 14 -4 17 -40 -41 49 -16 -10 26 24 23 -12 -39 46 6 -26 -37 -12 -30 -5 21 34 31 44 
-31 42 23 12 44 -7 -3 -40 39 -35 -29 0 -36 5 -8 -8 31 -35 -18 43 14 38 -33 -21 28 39 25 0 24 6 46 -5 -49 20 -43 -3 15 
4 -40 -43 -29 33 7 -15 40 -50 -20 21 17 12 -34 -19 1 36 11 -21 25 38 -19 -49 46 -22 -4 -1 48 -45 47 13 -38 9 20 -17 -8 30 
-29 -18 -18 1 -47 49 15 22 33 18 8 -6 0 35 34 31 37 30 -41 35 -20 -43 -7 29 -27 5 -12 -5 -10 30 -25 11 14 7 14 -31 -41 
32 41 42 0 -49 38 -50 37 22 32 -24 2 -7 13 -16 -47 -44 -37 -24 -37 1 21 4 33 -1 17 49 8 -18 -31 17 -36 12 -39 -34 14 49 
-33 1 -27 1 -21 -22 44 42 12 47 49 26 -27 -38 29 -3 16 -35 -2 36 -36 -44 20 35 -24 -14 -2 -13 2 -38 39 19 -35 -38 -30 -6 42 
17 -14 5 14 37 33 -10 -50 12 -11 -32 -21 37 6 -6 43 -24 31 21 12 -21 -41 -35 -9 0 -14 6 -36 -41 2 -43 26 -9 12 42 -22 47 
-18 30 -39 21 49 -9 -40 5 -13 -46 -16 -32 25 46 -2 -14 13 -9 36 2 0 -49 -37 -48 10 -9 -7 -28 -17 -26 -31 -32 -46 32 -9 5 -27 
2 -39 10 -42 47 -19 -15 43 29 22 -41 22 -40 -37 -28 13 -24 27 -27 17 22 47 2 46 -34 20 -49 49 -38 6 24 -34 -31 37 -26 -34 -32 
32

