
28 29
-42 -49 -36 27 1 18 -36 3 -40 21 23 37 -37 28 2 25 -27 33 -39 -8 22 -46 7 -24 -37 -12 -35 18 -46 
-8 48 -38 -6 -38 -9 -3 31 -42 -50 -7 29 23 -20 43 -47 -16 18 -24 19 -18 18 -8 -14 28 18 -49 18 33 
-29 22 27 -31 -14 -29 -18 28 -30 15 36 -30 -42 -33 44 41 12 -1 -25 33 26 45 -35 46 -13 -47 -24 7 6 
44 42 28 -32 19 47 5 -7 31 -17 13 -4 21 -14 -43 -10 32 48 -47 -19 -27 -12 -43 20 3 6 9 -42 32 
-34 14 -21 10 44 -3 32 42 -48 -25 23 37 -10 22 -40 26 29 1 -40 27 -44 -8 2 -6 -49 -27 -1 7 -16 
7 -10 -47 23 19 13 18 18 -5 -38 21 -28 -13 -40 -35 -41 -29 41 -10 22 4 -33 -20 46 -28 24 47 47 25 
5 -19 -18 -3 -16 7 18 0 27 -14 45 39 9 20 -23 20 35 38 41 -22 -21 13 32 48 43 28 -30 -31 -22 
-33 44 -15 -49 28 32 -15 37 0 35 15 -12 -17 -44 48 -47 -17 18 38 24 9 18 -47 24 1 -49 -31 31 24 
-12 -41 41 34 -6 42 -36 -24 30 -49 -22 -33 16 17 0 -25 -33 -45 8 35 -5 -18 46 -36 37 20 15 -9 -9 
-4 -35 -19 -42 -44 -35 2 1 -21 -19 33 32 -39 -50 -1 28 -47 24 -3 -42 34 -18 -44 19 -22 22 -42 0 39 
-1 41 37 14 -28 45 -27 39 -2 24 -32 -19 -41 -49 -8 -41 -48 23 -38 -22 -30 23 14 3 29 35 -17 -47 44 
-14 42 -7 -23 29 10 -48 25 33 41 25 -41 12 8 -32 -35 -50 -23 19 23 42 47 -4 -33 -37 1 -2 49 34 
1 -5 -30 -7 38 -50 -28 -2 -48 -1 33 -5 26 42 -43 -16 12 -28 37 -8 41 -38 -16 -10 8 1 -44 -41 49 
-45 44 -48 0 16 -5 40 -32 -31 41 22 -29 24 -32 -1 -31 27 34 -17 2 -27 25 45 -15 11 38 44 14 44 
-47 -35 1 -1 -33 -49 18 12 -7 -12 -16 -16 -39 5 11 31 -46 -18 8 -10 15 12 -35 43 8 1 4 -4 47 
21 -10 -50 36 41 -48 -46 -6 -28 -32 -11 10 2 -24 21 9 -11 2 -34 21 13 -42 38 -25 -26 31 33 -23 38 
31 -26 9 23 26 47 -34 28 -49 -38 -50 22 2 11 26 28 34 -14 -33 39 -46 -10 2 14 -22 27 38 12 -37 
17 -48 -4 41 -37 -30 18 -40 -14 48 -38 -1 49 34 -49 -38 -38 -19 46 -50 -50 35 -46 -10 39 19 -30 -31 -41 
-16 -18 27 -14 -20 -30 -1 0 38 10 37 37 -26 38 -12 10 39 -48 22 22 0 23 22 38 -21 14 27 0 -14 
46 -38 -27 30 -9 -39 -39 11 -37 -37 -48 -25 -50 39 -1 -10 29 11 31 31 -17 3 33 8 27 21 -10 -9 -49 
40 -20 -1 -48 3 32 45 14 -5 7 -21 8 9 4 -39 -50 5 1 29 -34 -17 -38 -48 -12 -3 -38 -34 -31 2 
-41 22 -7 -11 -29 47 -6 -47 43 11 -50 -48 40 9 11 -5 -28 11 -50 23 42 19 8 6 21 47 -47 33 -37 
24 -14 -28 48 -19 -36 -30 30 -40 25 -25 21 26 -23 -36 37 -10 9 -41 3 -39 -16 -5 30 43 3 -47 40 -41 
37 5 -15 25 -21 -16 -44 -7 4 -12 -44 31 14 27 7 41 -7 46 -18 4 -45 35 16 -10 33 48 -17 38 -48 
25 47 -9 -20 35 -34 -39 -31 24 5 -25 -38 -37 -44 -22 -8 -34 -30 36 14 -46 -10 20 -9 -44 12 -26 7 45 
-37 -39 -28 12 2 -46 -3 -30 -35 -32 44 -28 -7 8 -15 -48 37 28 20 9 14 -16 -35 -46 6 6 13 -32 -17 
22 15 48 33 -11 10 -15 -7 10 -43 9 -20 -49 31 -24 -39 19 30 0 -3 0 11 13 -14 26 -31 -5 -17 -16 
13 16 -44 31 14 39 -30 26 26 14 38 33 25 -31 -14 -42 47 -2 27 27 0 26 29 -38 -11 17 -10 9 -38 
17

